1,63,533,2023-5-30
2,58,767,2023-2-16
3,55,96,2023-10-4
4,17,173,2023-9-16
5,12,830,2023-4-8
6,61,506,2023-5-2
7,82,741,2023-4-25
8,91,446,2023-9-13
9,49,337,2023-10-14
10,76,812,2023-11-24
11,98,767,2023-12-19
12,94,415,2023-10-27
13,35,426,2024-1-30
14,76,864,2023-11-26
15,72,379,2024-1-26
16,93,671,2023-8-7
17,77,79,2023-5-24
18,83,641,2023-11-29
19,74,596,2024-1-12
20,64,857,2023-8-3
21,98,460,2023-2-11
22,53,531,2023-6-24
23,49,319,2023-9-22
24,18,301,2023-12-20
25,92,662,2023-2-26
26,77,259,2023-5-8
27,60,200,2023-11-30
28,71,609,2023-2-27
29,24,326,2023-9-19
30,88,911,2023-11-5
31,49,758,2023-3-10
32,79,146,2023-11-7
33,50,260,2023-10-4
34,23,781,2023-9-9
35,72,204,2023-4-5
36,3,696,2023-4-19
37,74,25,2023-11-13
38,97,492,2023-12-27
39,42,276,2023-12-31
40,51,441,2023-2-12
41,29,960,2023-8-30
42,52,643,2023-6-19
43,90,727,2023-7-11
44,54,979,2023-11-18
45,64,545,2023-6-23
46,42,372,2023-10-25
47,72,454,2024-1-12
48,58,975,2023-7-17
49,87,66,2023-8-11
50,41,403,2023-12-16
51,58,838,2023-6-13
52,96,529,2023-3-28
53,98,725,2023-8-24
54,50,792,2023-2-15
55,74,61,2023-7-4
56,18,939,2023-3-22
57,69,723,2023-7-27
58,65,997,2023-5-26
59,60,953,2023-6-3
60,27,356,2024-1-15
61,65,553,2023-10-2
62,81,435,2023-8-28
63,55,272,2023-7-21
64,98,741,2023-9-29
65,82,840,2023-4-29
66,23,64,2023-12-26
67,20,656,2023-2-10
68,94,825,2023-3-18
69,27,224,2023-5-12
70,14,746,2023-5-25
71,93,703,2023-5-14
72,34,5,2023-5-15
73,84,866,2024-1-16
74,51,132,2024-1-28
75,94,156,2023-8-16
76,39,712,2023-9-27
77,44,535,2023-2-15
78,47,941,2023-3-25
79,65,903,2023-3-20
80,19,412,2023-5-8
81,11,305,2023-3-26
82,86,820,2023-8-25
83,59,332,2023-9-14
84,47,549,2024-1-12
85,87,256,2023-8-14
86,16,886,2023-3-19
87,30,450,2023-7-27
88,80,321,2023-8-26
89,70,784,2024-1-24
90,94,535,2023-9-1
91,12,274,2023-4-1
92,71,571,2023-5-24
93,34,930,2023-8-6
94,69,976,2023-8-22
95,21,659,2023-11-17
96,16,903,2023-12-23
97,19,469,2023-5-15
98,61,178,2023-6-25
99,11,845,2023-12-9
100,73,794,2023-6-7
101,34,864,2023-7-11
102,1,570,2023-10-21
103,18,281,2023-8-19
104,46,657,2023-11-4
105,52,753,2023-6-16
106,62,963,2023-11-22
107,78,352,2023-12-4
108,60,391,2023-9-3
109,53,934,2023-11-26
110,38,566,2023-7-12
111,41,206,2024-1-8
112,50,445,2023-10-25
113,80,139,2023-10-9
114,8,574,2023-5-22
115,30,519,2023-7-1
116,5,370,2023-11-6
117,71,814,2023-4-28
118,73,299,2023-12-5
119,27,333,2023-4-19
120,74,82,2023-7-18
121,17,655,2023-2-14
122,55,315,2023-8-11
123,75,515,2023-2-5
124,64,51,2023-4-12
125,10,839,2023-5-1
126,6,978,2023-7-5
127,75,773,2024-1-23
128,98,971,2023-12-15
129,25,106,2023-9-8
130,85,724,2023-2-8
131,7,767,2023-12-25
132,53,438,2023-3-29
133,36,361,2023-11-12
134,61,22,2023-10-29
135,72,578,2023-4-25
136,25,727,2023-3-3
137,34,474,2023-6-3
138,55,870,2023-3-8
139,27,237,2023-7-27
140,24,574,2023-11-30
141,11,852,2023-4-19
142,70,403,2023-5-30
143,41,737,2023-7-30
144,33,659,2023-2-18
145,24,86,2023-12-20
146,99,665,2023-11-21
147,21,908,2024-1-13
148,39,129,2023-9-3
149,64,674,2023-8-28
150,30,995,2023-5-16
151,42,970,2023-3-31
152,70,708,2023-5-6
153,98,275,2023-8-20
154,76,738,2023-2-15
155,79,267,2023-5-6
156,55,854,2023-12-14
157,43,672,2023-2-6
158,8,884,2023-8-23
159,88,48,2023-12-11
160,56,573,2023-6-7
161,52,659,2023-4-15
162,98,575,2023-12-12
163,90,55,2023-10-7
164,87,862,2023-3-2
165,54,878,2023-2-14
166,88,710,2023-8-17
167,55,592,2023-7-25
168,49,952,2023-3-27
169,16,385,2023-8-10
170,68,326,2023-7-20
171,29,986,2023-6-20
172,82,418,2023-12-11
173,43,878,2023-10-21
174,54,702,2023-12-9
175,8,328,2023-3-18
176,41,398,2023-7-25
177,37,610,2023-10-11
178,46,570,2023-8-8
179,25,781,2023-12-21
180,82,543,2023-8-5
181,16,488,2023-5-14
182,72,512,2023-8-28
183,91,497,2023-11-27
184,82,117,2023-9-17
185,72,816,2023-5-23
186,84,388,2023-9-29
187,64,599,2023-4-23
188,4,529,2023-10-30
189,96,29,2023-4-17
190,99,240,2023-12-20
191,53,839,2023-10-11
192,20,157,2023-11-6
193,27,636,2024-1-10
194,56,122,2023-10-31
195,12,200,2023-11-26
196,37,600,2023-3-12
197,59,13,2023-3-21
198,75,52,2023-10-27
199,88,460,2024-1-1
200,70,657,2023-11-21
201,64,443,2023-6-11
202,83,483,2023-7-20
203,56,223,2023-5-27
204,18,240,2023-12-1
205,14,354,2023-7-26
206,5,268,2023-7-14
207,88,377,2023-12-17
208,76,460,2023-5-25
209,50,526,2023-11-26
210,38,535,2023-12-31
211,22,90,2023-11-24
212,21,913,2023-3-3
213,1,774,2023-2-3
214,97,524,2023-3-30
215,54,945,2023-12-21
216,74,84,2023-11-8
217,75,382,2023-3-25
218,71,682,2023-3-16
219,85,442,2023-6-9
220,78,296,2023-8-14
221,32,360,2024-1-26
222,44,6,2023-11-3
223,77,931,2023-9-18
224,58,915,2023-3-24
225,50,226,2023-9-24
226,26,99,2023-5-6
227,3,930,2023-4-13
228,34,941,2023-10-3
229,11,655,2023-12-25
230,80,227,2023-8-15
231,16,716,2023-3-11
232,41,162,2023-7-16
233,83,169,2023-12-17
234,36,140,2023-7-24
235,54,568,2023-6-26
236,91,13,2023-7-26
237,45,981,2023-12-29
238,4,243,2023-10-30
239,16,864,2023-10-16
240,72,432,2023-10-11
241,86,572,2023-11-9
242,0,621,2023-7-23
243,42,424,2023-11-5
244,60,191,2023-11-16
245,94,592,2023-4-17
246,91,679,2023-11-24
247,89,929,2023-9-20
248,19,729,2023-4-1
249,25,289,2023-11-8
250,52,640,2023-4-24
251,40,166,2024-1-21
252,66,360,2023-11-23
253,83,660,2023-2-16
254,85,667,2023-11-29
255,9,548,2023-2-2
256,59,714,2023-10-2
257,53,416,2023-4-6
258,81,5,2023-4-29
259,8,894,2023-12-23
260,8,424,2023-3-25
261,62,939,2023-7-18
262,46,685,2023-7-13
263,42,55,2024-1-30
264,39,134,2024-1-7
265,51,427,2023-6-28
266,84,210,2023-11-12
267,31,940,2023-8-17
268,48,776,2023-10-24
269,7,129,2023-9-6
270,34,788,2023-4-8
271,42,490,2023-5-2
272,54,478,2023-12-28
273,1,910,2023-2-20
274,95,698,2023-6-14
275,83,42,2023-5-27
276,10,575,2023-4-28
277,29,992,2023-11-29
278,90,206,2024-1-26
279,74,776,2023-8-28
280,39,796,2023-9-14
281,29,980,2023-7-2
282,12,259,2024-1-17
283,42,40,2023-3-9
284,4,746,2023-12-27
285,63,749,2023-6-13
286,6,180,2023-9-13
287,2,521,2023-4-14
288,76,549,2023-10-15
289,24,378,2023-11-9
290,27,50,2023-8-21
291,83,335,2023-11-14
292,1,133,2024-1-24
293,59,67,2023-11-7
294,80,350,2023-9-15
295,59,939,2023-9-15
296,81,18,2024-1-29
297,82,734,2023-3-17
298,16,879,2023-5-28
299,77,829,2023-12-20
300,34,530,2023-2-15
301,28,150,2023-5-19
302,83,689,2023-12-17
303,95,822,2023-12-12
304,35,139,2023-9-14
305,42,547,2023-6-6
306,37,227,2023-8-20
307,63,935,2023-11-14
308,37,690,2023-3-16
309,42,365,2023-2-27
310,59,862,2023-10-8
311,39,842,2023-5-15
312,52,472,2023-8-7
313,63,173,2023-9-30
314,65,144,2023-12-30
315,6,492,2023-5-5
316,18,693,2023-8-4
317,28,347,2023-8-28
318,22,899,2023-12-21
319,91,713,2023-2-14
320,85,919,2023-7-17
321,10,760,2023-8-3
322,7,420,2023-3-21
323,48,906,2023-4-29
324,4,354,2023-7-30
325,80,26,2023-12-6
326,1,472,2023-4-2
327,16,165,2023-8-12
328,62,931,2024-1-14
329,83,105,2023-3-16
330,72,630,2023-4-29
331,71,611,2023-9-22
332,99,919,2023-10-12
333,84,891,2023-6-8
334,88,696,2024-1-31
335,35,97,2023-10-31
336,57,710,2023-6-3
337,24,633,2023-12-15
338,78,301,2023-4-27
339,93,977,2023-4-17
340,21,217,2023-6-27
341,21,794,2023-5-3
342,45,889,2023-10-20
343,13,223,2023-8-26
344,0,264,2023-9-1
345,68,513,2023-4-20
346,85,156,2023-8-26
347,22,647,2023-2-17
348,12,598,2023-12-27
349,12,197,2023-3-8
350,98,710,2023-2-9
351,89,564,2023-6-14
352,48,133,2023-10-6
353,58,10,2023-11-12
354,56,243,2023-4-27
355,94,775,2023-8-4
356,4,813,2023-11-26
357,44,125,2023-12-22
358,47,756,2023-11-30
359,11,513,2023-4-16
360,28,491,2023-8-6
361,22,357,2023-2-2
362,86,201,2023-6-23
363,54,394,2023-5-9
364,84,94,2023-7-26
365,50,191,2024-1-22
366,38,980,2023-6-6
367,62,65,2023-10-14
368,65,820,2023-7-10
369,11,484,2023-10-28
370,30,591,2023-10-5
371,66,216,2023-5-24
372,20,440,2023-7-15
373,44,411,2023-3-29
374,33,367,2023-10-25
375,58,92,2023-2-17
376,14,688,2023-6-14
377,91,748,2023-8-3
378,86,245,2023-11-22
379,84,77,2023-5-21
380,35,585,2024-1-29
381,8,274,2023-10-16
382,72,994,2023-8-20
383,66,763,2024-1-5
384,13,171,2023-10-11
385,99,507,2023-7-21
386,66,472,2024-1-24
387,25,226,2023-3-15
388,48,612,2023-10-13
389,80,661,2023-8-16
390,6,983,2023-8-13
391,67,143,2024-1-23
392,61,937,2023-5-28
393,73,126,2023-3-24
394,23,214,2023-8-18
395,9,906,2023-9-22
396,34,331,2023-9-30
397,88,377,2024-1-6
398,41,651,2023-12-7
399,50,843,2023-7-18
400,29,738,2023-11-6
401,10,176,2023-5-22
402,89,803,2023-12-25
403,7,842,2023-10-7
404,66,344,2023-10-31
405,31,616,2023-8-21
406,11,320,2023-4-5
407,48,538,2023-3-18
408,95,915,2023-8-26
409,55,471,2023-7-18
410,17,261,2023-10-29
411,83,205,2023-2-18
412,25,870,2023-10-23
413,70,624,2023-11-28
414,72,998,2023-2-15
415,38,954,2023-11-16
416,76,680,2023-5-23
417,98,368,2023-4-28
418,75,332,2023-10-10
419,95,565,2023-9-13
420,91,418,2023-5-26
421,77,961,2023-11-25
422,27,220,2023-8-21
423,16,814,2023-11-30
424,3,622,2024-1-27
425,81,506,2023-9-11
426,12,749,2023-4-14
427,96,540,2023-7-9
428,11,7,2023-11-11
429,58,217,2023-10-28
430,83,801,2024-1-28
431,13,244,2023-9-6
432,70,597,2023-9-10
433,85,411,2023-4-18
434,76,386,2023-2-25
435,90,86,2024-1-5
436,57,201,2023-6-23
437,92,708,2023-11-22
438,53,247,2023-11-4
439,65,174,2023-8-13
440,29,12,2023-8-30
441,10,579,2023-7-14
442,51,283,2023-5-27
443,45,116,2023-10-6
444,99,654,2023-7-27
445,56,977,2023-9-30
446,91,629,2023-12-15
447,2,356,2023-4-1
448,29,892,2024-1-11
449,58,935,2023-10-1
450,2,223,2023-5-16
451,66,16,2023-9-7
452,15,14,2023-10-24
453,65,547,2023-12-30
454,5,799,2023-11-1
455,48,69,2023-3-15
456,55,983,2023-8-12
457,6,609,2023-2-15
458,47,545,2023-7-28
459,65,862,2024-1-23
460,26,633,2023-7-4
461,3,395,2023-2-6
462,25,592,2023-2-9
463,14,460,2023-3-1
464,10,923,2023-7-20
465,92,423,2023-12-15
466,5,670,2023-7-15
467,54,153,2023-9-18
468,98,846,2023-7-24
469,60,886,2023-11-16
470,51,122,2023-7-8
471,26,750,2023-4-3
472,97,96,2023-8-3
473,50,842,2023-9-12
474,51,826,2023-2-9
475,3,360,2023-7-19
476,16,561,2023-12-2
477,3,611,2024-1-23
478,58,117,2023-5-10
479,64,532,2023-4-5
480,28,941,2023-9-28
481,20,976,2023-8-31
482,51,484,2023-4-7
483,97,825,2023-4-8
484,50,135,2023-7-7
485,46,900,2023-9-18
486,14,736,2023-6-10
487,27,168,2023-2-18
488,23,180,2023-9-1
489,98,900,2023-2-17
490,61,882,2023-3-2
491,52,528,2023-4-12
492,79,689,2023-12-27
493,11,403,2024-1-15
494,72,231,2023-3-26
495,93,256,2023-9-4
496,60,334,2023-9-16
497,26,362,2023-4-27
498,15,142,2023-2-7
499,17,14,2023-3-22
500,29,489,2023-11-10
501,64,901,2023-6-7
502,13,28,2023-3-6
503,59,71,2023-2-7
504,96,516,2023-7-25
505,92,526,2023-5-29
506,94,907,2023-5-7
507,83,389,2023-11-14
508,93,407,2023-5-22
509,70,594,2023-12-26
510,60,429,2023-6-11
511,18,388,2023-10-30
512,23,785,2023-7-31
513,39,304,2023-2-27
514,28,118,2023-9-19
515,85,664,2023-4-1
516,14,553,2023-11-6
517,38,762,2023-7-26
518,68,159,2023-11-9
519,51,764,2023-4-23
520,93,263,2023-3-5
521,89,389,2023-10-4
522,5,805,2023-8-29
523,7,421,2023-7-4
524,78,91,2023-7-8
525,76,10,2023-5-9
526,77,680,2023-4-24
527,1,656,2023-11-15
528,86,570,2023-12-4
529,84,972,2023-3-24
530,37,244,2023-8-28
531,66,646,2023-8-30
532,20,128,2024-1-31
533,16,285,2023-11-30
534,12,481,2023-12-5
535,84,365,2024-1-12
536,27,568,2023-9-12
537,35,983,2024-1-10
538,63,653,2023-5-21
539,90,524,2024-1-25
540,53,118,2023-3-1
541,65,751,2023-12-23
542,21,66,2023-11-10
543,45,156,2023-9-13
544,20,110,2024-1-2
545,45,805,2023-7-27
546,93,105,2023-11-11
547,81,291,2023-3-11
548,73,435,2023-5-14
549,81,828,2023-4-1
550,95,440,2023-3-13
551,16,437,2023-12-20
552,82,976,2023-4-1
553,51,91,2023-2-2
554,48,870,2024-1-23
555,38,914,2023-6-11
556,8,15,2023-10-13
557,61,804,2023-9-30
558,11,199,2023-8-10
559,52,517,2023-7-29
560,79,399,2023-9-12
561,57,846,2023-3-4
562,23,987,2023-7-18
563,35,401,2024-1-10
564,68,569,2023-12-25
565,38,912,2023-2-21
566,74,819,2023-11-2
567,99,506,2023-2-4
568,82,825,2023-8-18
569,96,489,2023-6-4
570,0,343,2023-8-28
571,87,362,2024-1-17
572,9,367,2024-1-23
573,53,47,2023-5-25
574,40,608,2023-5-29
575,62,915,2023-3-29
576,73,738,2023-11-22
577,74,67,2024-1-2
578,45,97,2023-8-31
579,71,577,2023-8-28
580,25,336,2023-9-29
581,74,756,2023-4-30
582,22,277,2023-4-24
583,37,981,2023-10-30
584,74,215,2023-8-27
585,95,210,2024-1-6
586,17,478,2023-2-5
587,76,757,2023-8-21
588,15,248,2023-5-20
589,93,809,2023-8-4
590,27,622,2023-4-22
591,78,378,2023-10-1
592,9,493,2023-12-5
593,30,258,2023-7-10
594,73,63,2023-5-21
595,76,717,2024-1-14
596,38,712,2023-2-22
597,18,12,2023-5-15
598,82,888,2024-1-15
599,78,185,2023-8-6
600,75,289,2023-3-25
601,32,24,2023-5-6
602,2,882,2023-4-5
603,14,897,2023-11-4
604,58,672,2023-10-1
605,47,13,2023-12-25
606,10,368,2024-1-12
607,54,337,2023-10-23
608,32,113,2023-5-18
609,10,512,2023-2-12
610,83,85,2023-11-23
611,59,753,2024-1-25
612,60,563,2023-11-5
613,56,33,2023-9-21
614,39,513,2023-10-1
615,17,590,2023-11-13
616,71,122,2023-8-21
617,55,942,2023-2-8
618,6,131,2023-7-18
619,85,840,2023-6-3
620,32,968,2023-2-2
621,58,927,2023-8-10
622,57,214,2023-4-28
623,73,436,2023-2-8
624,51,189,2023-9-13
625,42,706,2023-8-27
626,65,763,2023-3-22
627,55,585,2023-12-24
628,5,215,2023-7-2
629,79,70,2023-8-26
630,6,607,2023-11-26
631,94,789,2023-7-16
632,74,950,2023-3-21
633,9,125,2023-9-23
634,10,436,2023-8-13
635,51,328,2023-9-3
636,46,80,2023-4-21
637,7,442,2024-1-8
638,24,249,2023-10-19
639,0,954,2023-12-14
640,6,115,2023-8-25
641,91,297,2023-7-8
642,76,829,2023-6-3
643,66,854,2023-8-17
644,67,482,2023-8-12
645,57,475,2023-3-25
646,9,35,2023-4-24
647,35,671,2023-10-2
648,10,915,2023-5-7
649,3,96,2023-3-22
650,13,932,2023-6-27
651,21,686,2023-6-27
652,79,959,2023-10-26
653,18,343,2023-8-2
654,11,575,2023-5-31
655,35,832,2023-7-4
656,61,919,2023-2-4
657,1,460,2023-3-21
658,98,390,2023-8-20
659,23,772,2023-5-17
660,34,402,2023-3-21
661,61,192,2023-12-3
662,86,908,2023-8-20
663,72,938,2023-6-12
664,55,925,2023-3-13
665,12,939,2023-10-18
666,57,551,2024-1-31
667,20,582,2023-10-23
668,85,450,2023-11-24
669,47,625,2023-10-17
670,42,978,2023-9-18
671,13,895,2023-3-21
672,54,87,2023-8-22
673,37,287,2023-6-4
674,81,296,2023-10-4
675,47,420,2023-7-18
676,87,380,2023-4-17
677,70,165,2023-5-31
678,58,368,2024-1-8
679,38,813,2023-8-19
680,99,30,2023-6-13
681,2,448,2023-3-11
682,99,209,2023-5-19
683,62,997,2023-4-15
684,40,809,2023-7-13
685,59,796,2023-8-13
686,98,323,2023-2-15
687,55,718,2023-11-17
688,66,294,2023-10-24
689,35,184,2024-1-15
690,96,611,2023-6-17
691,78,800,2024-1-26
692,4,954,2023-12-17
693,77,481,2023-2-21
694,66,485,2023-8-3
695,76,924,2023-2-14
696,95,628,2023-2-11
697,87,708,2023-9-10
698,13,941,2023-11-28
699,27,506,2023-4-20
700,45,494,2023-7-7
701,82,701,2023-12-3
702,27,78,2023-11-1
703,49,410,2023-8-24
704,95,80,2023-2-16
705,37,881,2023-2-4
706,63,862,2024-1-14
707,63,37,2023-11-13
708,14,287,2023-10-22
709,17,981,2023-9-15
710,19,592,2023-8-13
711,93,679,2023-12-15
712,6,504,2023-8-23
713,52,928,2023-8-23
714,9,779,2023-9-9
715,5,184,2023-11-4
716,65,908,2023-6-10
717,32,181,2023-8-17
718,81,322,2023-7-2
719,51,3,2024-1-18
720,71,223,2023-8-31
721,86,597,2023-9-5
722,73,350,2023-3-4
723,97,263,2023-3-20
724,0,582,2023-12-21
725,78,813,2023-2-17
726,24,978,2023-5-13
727,19,673,2023-5-23
728,83,242,2023-5-14
729,83,267,2023-11-29
730,66,743,2023-12-12
731,10,526,2023-8-15
732,77,768,2023-12-7
733,40,234,2024-1-1
734,37,497,2024-1-24
735,87,911,2023-11-11
736,4,173,2023-12-27
737,53,22,2024-1-29
738,35,420,2023-4-30
739,30,334,2023-5-16
740,85,452,2023-11-15
741,54,762,2023-7-5
742,52,615,2023-8-10
743,20,43,2023-2-1
744,48,605,2024-1-17
745,27,596,2023-6-16
746,44,928,2023-3-16
747,65,855,2023-9-7
748,41,484,2023-12-1
749,18,364,2023-2-2
750,43,438,2023-6-26
751,92,593,2023-2-7
752,74,441,2023-10-3
753,75,868,2023-3-31
754,36,82,2023-3-30
755,96,227,2023-11-6
756,68,649,2023-5-27
757,85,437,2023-6-3
758,38,46,2023-6-12
759,33,633,2023-7-13
760,71,57,2023-9-29
761,3,93,2023-7-15
762,17,457,2023-10-17
763,92,724,2023-7-16
764,73,831,2023-6-19
765,86,699,2023-12-21
766,96,610,2023-9-24
767,61,406,2023-8-6
768,90,161,2023-9-7
769,53,260,2023-9-6
770,35,14,2023-2-14
771,87,920,2023-4-14
772,82,521,2024-1-8
773,13,200,2023-5-25
774,32,829,2023-2-28
775,65,849,2023-10-22
776,64,176,2023-3-9
777,31,670,2023-4-14
778,66,482,2023-8-12
779,91,718,2023-11-6
780,41,109,2023-5-12
781,37,556,2023-9-22
782,78,290,2023-5-21
783,28,211,2023-7-12
784,69,239,2023-11-19
785,92,974,2023-9-16
786,66,497,2023-8-26
787,3,786,2023-5-2
788,55,738,2023-7-7
789,92,688,2023-4-1
790,61,838,2023-2-4
791,84,748,2023-5-7
792,60,160,2023-4-12
793,33,987,2023-8-9
794,59,950,2023-6-2
795,92,20,2023-11-16
796,69,63,2024-1-6
797,24,95,2023-6-9
798,28,616,2023-10-4
799,79,904,2024-1-1
800,1,54,2023-10-19
801,76,265,2023-5-3
802,6,120,2023-6-12
803,96,610,2023-2-27
804,17,194,2023-12-5
805,38,578,2023-7-25
806,1,446,2023-12-4
807,56,865,2023-6-30
808,53,64,2023-4-5
809,43,34,2023-3-19
810,48,605,2023-12-3
811,56,500,2023-10-27
812,6,474,2023-9-7
813,30,958,2023-5-8
814,14,278,2023-5-14
815,14,731,2023-3-14
816,7,713,2023-6-4
817,49,64,2023-4-26
818,7,157,2023-7-4
819,65,532,2023-8-20
820,8,695,2023-11-28
821,49,438,2023-5-10
822,15,540,2023-11-19
823,57,83,2023-12-20
824,10,272,2023-11-11
825,6,609,2023-4-22
826,36,230,2023-3-29
827,35,446,2023-5-22
828,11,542,2023-6-8
829,53,607,2023-11-21
830,7,289,2023-2-3
831,87,416,2023-7-14
832,35,320,2023-8-1
833,99,444,2023-11-15
834,97,228,2023-6-5
835,9,559,2023-8-4
836,60,879,2023-8-24
837,47,612,2023-10-6
838,11,591,2023-10-23
839,34,340,2023-12-23
840,55,226,2023-7-15
841,15,871,2023-10-4
842,33,157,2024-1-3
843,20,326,2023-8-22
844,93,979,2023-9-19
845,28,102,2023-10-14
846,65,838,2023-5-21
847,23,588,2023-10-7
848,24,217,2024-1-15
849,57,886,2023-5-19
850,48,896,2023-2-2
851,46,297,2023-2-9
852,55,295,2023-8-27
853,88,499,2023-3-26
854,66,378,2023-8-13
855,79,978,2023-2-2
856,25,486,2023-12-21
857,14,429,2023-7-4
858,55,185,2024-1-12
859,97,349,2023-9-26
860,75,260,2023-12-27
861,73,676,2023-2-13
862,97,226,2023-9-30
863,41,563,2024-1-4
864,81,983,2023-5-21
865,63,807,2023-10-5
866,89,689,2023-7-30
867,3,553,2023-6-18
868,15,301,2023-7-26
869,75,841,2023-12-10
870,87,213,2023-4-17
871,3,360,2023-6-2
872,31,913,2023-11-13
873,41,121,2023-2-6
874,30,157,2023-5-27
875,61,426,2023-4-11
876,59,455,2023-12-6
877,11,409,2023-7-28
878,67,259,2023-12-20
879,6,862,2023-4-14
880,45,608,2023-12-15
881,17,117,2023-10-27
882,26,628,2023-4-15
883,36,685,2023-3-17
884,52,501,2023-7-11
885,99,9,2023-2-4
886,58,228,2023-5-27
887,11,92,2023-4-4
888,88,673,2023-7-10
889,58,696,2023-12-16
890,25,413,2023-8-16
891,64,40,2023-4-9
892,23,262,2023-3-27
893,50,739,2023-7-1
894,72,184,2023-2-2
895,56,539,2023-9-15
896,95,627,2023-10-4
897,99,966,2023-12-3
898,21,503,2023-3-3
899,71,398,2023-3-26
900,24,987,2023-3-23
901,89,203,2023-7-8
902,55,168,2023-10-16
903,35,364,2023-2-5
904,62,887,2023-6-18
905,95,608,2023-2-5
906,20,562,2023-9-22
907,61,758,2023-4-2
908,32,559,2023-5-27
909,14,272,2023-3-20
910,9,356,2023-6-20
911,38,134,2024-1-15
912,32,157,2023-9-30
913,76,183,2023-3-12
914,84,311,2023-11-1
915,20,488,2023-3-3
916,21,822,2023-9-17
917,91,582,2023-11-9
918,67,932,2023-6-14
919,5,631,2024-1-21
920,95,906,2023-8-4
921,76,786,2023-6-29
922,17,255,2023-3-16
923,50,121,2023-10-11
924,32,616,2023-11-12
925,52,481,2024-1-18
926,64,900,2023-3-23
927,30,26,2023-5-21
928,51,227,2023-7-31
929,71,978,2023-10-16
930,8,53,2024-1-30
931,27,599,2023-6-28
932,18,727,2023-6-8
933,35,628,2023-3-18
934,41,622,2023-10-25
935,9,923,2023-11-5
936,17,76,2023-11-22
937,77,384,2023-8-25
938,75,411,2023-3-23
939,90,951,2023-7-16
940,67,779,2023-3-3
941,85,244,2023-5-9
942,89,368,2023-12-21
943,15,202,2023-3-2
944,54,297,2023-6-1
945,81,19,2023-5-8
946,63,244,2023-7-5
947,21,877,2023-10-11
948,65,340,2023-6-1
949,66,956,2023-7-20
950,20,192,2023-6-23
951,84,441,2023-4-15
952,57,842,2023-10-3
953,94,832,2023-8-29
954,87,933,2023-9-1
955,20,345,2023-7-13
956,37,871,2023-4-2
957,14,193,2023-2-23
958,76,861,2023-2-24
959,73,990,2023-9-24
960,43,224,2023-6-29
961,16,676,2023-10-27
962,9,416,2023-8-3
963,43,528,2023-3-10
964,84,297,2023-4-26
965,29,959,2023-10-6
966,99,223,2024-1-14
967,51,893,2023-11-29
968,72,100,2023-9-2
969,75,138,2023-4-7
970,69,775,2023-6-19
971,15,109,2023-12-31
972,36,579,2023-8-2
973,29,724,2023-11-9
974,94,885,2023-5-26
975,56,610,2023-6-30
976,34,848,2023-8-24
977,13,243,2023-7-16
978,65,677,2023-11-12
979,47,278,2023-11-18
980,25,824,2023-8-9
981,42,136,2023-11-6
982,27,318,2023-12-17
983,34,779,2023-11-6
984,16,938,2023-4-30
985,75,609,2023-8-18
986,21,5,2023-5-11
987,91,22,2023-6-23
988,89,777,2023-6-8
989,26,936,2023-10-21
990,68,662,2023-7-15
991,5,370,2023-5-25
992,0,13,2023-2-4
993,66,582,2023-3-7
994,72,97,2023-12-16
995,52,274,2023-5-4
996,93,725,2023-10-8
997,34,178,2023-5-9
998,12,103,2023-3-31
999,80,356,2023-2-23
1000,68,328,2023-4-20